This is it
0 [-1.0, 2.0, 0.0, 0.0]
1 [0.001, 0, -15.1, 1030.0]
2 [1.0, -7550.0, 515000.0, 0.0]
3 [0.007330097087378641, -0.5146601941747573, 1.0, 0.0]
4 [-7479.788079470199, 514863.5761589404, -0.0, 0]
5 [-0.010100444633388416, 1.0, 0.0, 0]
6 [-225676.90012313586, -0.0, 0.0, 0]
7 [1.0, 0.0, 0.0, 0]

0 [1.0, 31.0]
1 [1.0, 103.0]
2 [-72.0, 0]
3 [103.0, 0]

0 [3.0, 6.0, 7.0, 2.0]
1 [9.0, 4.0, 8.0, 6.0]
2 [4.666666666666667, 4.333333333333333, -0.0, 0]
3 [-4.357142857142857, 8.0, 6.0, 0]
4 [12.901639344262296, 6.426229508196722, 0.0, 0]
5 [10.170266836086403, 6.000000000000001, 0.0, 0]
6 [-1.1851574212893563, -0.0, -0.0, 0]
7 [6.000000000000001, 0.0, 0.0, 0]

0 [1.0, 3.0, 5.0]
1 [2.0, 6.0, 3.0]
2 [0.001, 3.5, 0]
3 [-6994.0, 3.0, 0.0]
4 [3.500000428939091, 0.0, 0]
5 [3.0, 0.0, 0]

0 [1.0, 6.0, 8.0]
1 [1.0, 6.0, 8.0]
2 [1.0, 3.0, 0.0]
3 [3.0, 8.0, 0.0]
4 [0.3333333333333333, -0.0, 0]
5 [8.0, -0.0, 0]

0 [1.0, 12.0, 39.0, 48.0, 20.0]
1 [1.0, 22.0, 59.0, 38.0, 0.0]
2 [-1.0, -2.0, 1.0, 2.0, 0.0]
3 [1.0, 3.0, 2.0, 0.0, 0.0]
4 [1.0, 3.0, 2.0, 0.0, 0.0]
5 [2.0, 3.0, 0.0, -0.0, -0.0]
6 [1.5, 2.0, 0.0, 0.0, 0]
7 [0.3333333333333333, -0.0, -0.0, -0.0, 0]
8 [2.0, 0.0, 0.0, -0.0, 0]

